391
0,-41.45882666478691,-47.289712062993935,8
1,7.624348191469632,0
10,2.4263994741750863,0
11,4.30000151415029,0
12,7.657713464945563,0
23,5.661998812216248,0
24,6.856747419497672,0
25,9.026904697457535,0
37,8.644405749685694,0
1,-33.850683407538334,-47.786543545439685,2
0,7.624348191469632,0
39,9.46515728284794,0
2,-14.926606204237615,-46.92006420420079,11
3,3.665864963003239,0
4,9.660985572527434,0
13,2.2979499864686073,0
14,3.9734173190235738,0
15,6.713522178479853,0
16,9.904340756971589,0
26,5.073389421935135,0
27,7.3786315010658665,0
28,8.975724284058176,0
45,8.426644241031678,0
46,9.15415875460498,0
3,-11.293292836636292,-47.40750640568141,2
2,3.665864963003239,0
29,9.006112139386767,0
4,-5.28322495703619,-47.503022482045026,8
2,9.660985572527434,0
5,4.057178679241394,0
6,6.694952821285539,0
17,4.7882920332117225,0
18,6.763546301347419,0
19,9.983289229476162,0
30,7.097785808156042,0
31,9.661472352502336,0
5,-1.226288862033321,-47.45865631978357,3
4,4.057178679241394,0
32,8.801051145364013,0
47,9.706774641149044,0
6,1.3912238992032187,-46.97945229125525,2
4,6.694952821285539,0
48,9.347269176291318,0
7,40.84566514117593,-47.175551196721514,8
8,3.3183265122725825,0
9,6.877215188247414,0
20,2.5915001312471917,0
21,4.853849250684121,0
22,6.611002404222113,0
34,7.527440700991761,0
35,5.761152243888022,0
36,7.597603992006166,0
8,44.14858134628848,-46.85612141718301,1
7,3.3183265122725825,0
9,47.71527517624172,-47.49888803592222,1
7,6.877215188247414,0
10,-41.2893934212096,-44.86923550160194,2
0,2.4263994741750863,0
38,8.530877156362253,0
11,-37.729508992522554,-45.14910403698087,1
0,4.30000151415029,0
12,-34.24418994606237,-44.72269189789196,1
0,7.657713464945563,0
13,-14.16813723218004,-44.750894095902,2
2,2.2979499864686073,0
44,8.379108827083298,0
14,-11.506713609943322,-44.89710107191006,1
2,3.9734173190235738,0
15,-8.856887515596245,-44.05128483281327,1
2,6.713522178479853,0
16,-5.3205678484412005,-44.5075980516555,1
2,9.904340756971589,0
17,-1.125358774814989,-45.128177348976315,1
4,4.7882920332117225,0
18,1.064705314101579,-45.168640370383976,1
4,6.763546301347419,0
19,4.388334494768185,-45.027744394720656,2
4,9.983289229476162,0
49,8.474464415943089,0
20,41.51567220376237,-44.672160802408534,1
7,2.5915001312471917,0
21,44.50278438843877,-43.9841046031426,1
7,4.853849250684121,0
22,46.905129066740535,-44.532021411867234,1
7,6.611002404222113,0
23,-40.99238804946087,-41.64695869538421,5
0,5.661998812216248,0
57,6.961116574747126,0
58,7.746870584042353,0
59,9.657523897670487,0
62,9.624664037411526,0
24,-38.17779798340775,-41.26892839583272,3
0,6.856747419497672,0
40,8.673837184193914,0
63,9.791575267150433,0
25,-34.72021405455158,-41.28337303608592,1
0,9.026904697457535,0
26,-13.932189215385177,-41.945085301845026,2
2,5.073389421935135,0
44,6.1938759429490595,0
27,-11.6726206113415,-40.297694493157316,2
2,7.3786315010658665,0
44,7.049066295282486,0
28,-8.335542860029623,-40.82732176617919,1
2,8.975724284058176,0
29,-5.113784692079868,-40.85588561700854,1
3,9.006112139386767,0
30,-1.515367278694077,-41.48789057208497,1
4,7.097785808156042,0
31,2.3522874835435643,-41.583309838012475,2
4,9.661472352502336,0
50,9.203995964279695,0
32,5.336176490010542,-41.59414016186082,1
5,8.801051145364013,0
33,18.00710171896972,-40.30466676842873,7
49,9.535604991031333,0
50,7.5622292867356755,0
51,3.6169614958388783,0
52,2.110425690929015,0
53,4.500038465542614,0
54,6.8266278534995415,0
55,9.74686921802709,0
34,37.76600644114792,-40.306922090539615,1
7,7.527440700991761,0
35,40.556734760486684,-41.42164865910665,1
7,5.761152243888022,0
36,45.08576631907214,-40.87117744348074,1
7,7.597603992006166,0
37,-40.52836183660769,-38.695528799371935,3
0,8.644405749685694,0
56,6.58947957664493,0
61,8.070257388202895,0
38,-37.967361045844264,-37.011757155849544,6
10,8.530877156362253,0
41,9.431172268250789,0
64,7.484281967666526,0
67,9.602738842145548,0
68,8.491560273291773,0
69,8.790600364507785,0
39,-34.9556977241856,-38.38611027090101,2
1,9.46515728284794,0
42,9.961374367532274,0
40,-30.655756380059326,-36.94986117993986,2
24,8.673837184193914,0
43,9.261372148095948,0
41,-28.600600324752605,-38.11212252573228,1
38,9.431172268250789,0
42,-24.995717669577676,-38.21944713178085,2
39,9.961374367532274,0
44,6.98301858166404,0
43,-21.413701840628192,-37.54772567604891,3
40,9.261372148095948,0
45,7.4339853015266915,0
46,9.302804578718991,0
44,-18.068918008064177,-37.335142342060855,4
13,8.379108827083298,0
42,6.98301858166404,0
26,6.1938759429490595,0
27,7.049066295282486,0
45,-14.046175759058546,-38.539540628903474,2
2,8.426644241031678,0
43,7.4339853015266915,0
46,-12.133953563571445,-38.20228273566814,2
2,9.15415875460498,0
43,9.302804578718991,0
47,1.5540906441017788,-38.15860450616887,3
5,9.706774641149044,0
49,7.262188808940561,0
50,9.263528243451953,0
48,4.77937321423034,-38.26785741585344,1
6,9.347269176291318,0
49,8.807250298096063,-37.796580569983675,3
19,8.474464415943089,0
33,9.535604991031333,0
47,7.262188808940561,0
50,10.815614342889978,-37.965901901057826,3
31,9.203995964279695,0
33,7.5622292867356755,0
47,9.263528243451953,0
51,15.261566198154721,-37.95000221348165,1
33,3.6169614958388783,0
52,17.671842639509272,-38.2210406151631,1
33,2.110425690929015,0
53,21.474781401770752,-37.43664588132695,1
33,4.500038465542614,0
54,24.437991883282223,-38.01414291028525,1
33,6.8266278534995415,0
55,27.581853144554096,-38.481045455876696,1
33,9.74686921802709,0
56,-45.00206511604111,-33.85742792623925,6
37,6.58947957664493,0
60,3.525284824103964,0
65,5.551428254123523,0
66,6.508005538513646,0
76,9.363690596113257,0
77,9.22150920985497,0
57,-41.62868386115986,-34.714984113258744,1
23,6.961116574747126,0
58,-37.54213445536758,-34.71083917634858,1
23,7.746870584042353,0
59,-34.732544965811236,-34.29290318823984,2
23,9.657523897670487,0
79,9.395940701166944,0
60,-47.577516695727375,-31.45021330104497,1
56,3.525284824103964,0
61,-44.501315375367014,-31.670950912359565,2
37,8.070257388202895,0
78,9.795368428375562,0
62,-41.218119160631474,-32.024942103292275,1
23,9.624664037411526,0
63,-38.236912725936726,-31.477531577222624,2
24,9.791575267150433,0
80,9.900438203767669,0
64,-33.84305176232291,-30.766394916123343,2
38,7.484281967666526,0
95,9.45484324841956,0
65,-47.388295638996446,-28.84501737322214,1
56,5.551428254123523,0
66,-44.14457886476475,-27.406160343957737,2
56,6.508005538513646,0
94,9.01386381174813,0
67,-41.583189994679884,-28.115781982592082,1
38,9.602738842145548,0
68,-37.069516110487776,-28.56779657168042,2
38,8.491560273291773,0
96,9.20218149981511,0
69,-34.66187152375349,-28.866304818021245,1
38,8.790600364507785,0
70,-27.749900610861985,-27.995754658020388,5
79,7.1801618298000625,0
80,5.95042551186988,0
81,3.149523600929536,0
95,9.731231393938575,0
96,7.338975024654746,0
71,-18.193752803649293,-27.781405501255744,6
72,4.241405958883396,0
82,3.4926108452288944,0
83,4.5006029518060915,0
84,7.081055981121553,0
97,7.720046829973558,0
98,8.769517763346188,0
72,-13.997756998670615,-27.162419465344655,2
71,4.241405958883396,0
99,8.24617767642397,0
73,11.89546346644223,-27.795613528781452,8
86,3.3367846764772993,0
87,4.089854730591361,0
88,6.7615081489722115,0
103,6.135775402388423,0
104,6.777143305366052,0
105,8.763759646533478,0
113,9.420134610716845,0
114,9.585939639485053,0
74,24.385725696896948,-27.55627064201132,7
75,3.951947728887442,0
88,7.689215129450237,0
89,4.0472864780268125,0
90,2.4627627945491217,0
91,4.728793280976715,0
92,7.865928331437927,0
105,8.758643417126196,0
75,28.337332321242705,-27.60819306766092,2
74,3.951947728887442,0
93,6.80751210317811,0
76,-44.00720230521094,-24.546737856896,2
56,9.363690596113257,0
79,9.780672365798996,0
77,-41.06941344974749,-25.516535709033818,5
56,9.22150920985497,0
80,9.25187739012519,0
95,7.455032292164901,0
107,7.757272999198422,0
108,8.845700120495271,0
78,-37.71927671272052,-24.603193543435182,4
61,9.795368428375562,0
96,7.243661414101792,0
109,7.717394409669866,0
119,8.971309259312694,0
79,-34.23328696848422,-24.910236024157413,3
59,9.395940701166944,0
70,7.1801618298000625,0
76,9.780672365798996,0
80,-31.976751268096358,-23.80752146325326,3
63,9.900438203767669,0
70,5.95042551186988,0
77,9.25187739012519,0
81,-27.449123477971163,-24.860625947880703,1
70,3.149523600929536,0
82,-17.227925672461808,-24.42499246516012,1
71,3.4926108452288944,0
83,-14.774954324703877,-24.854420040040363,1
71,4.5006029518060915,0
84,-11.71798355579169,-24.91683459861097,3
71,7.081055981121553,0
110,8.704085153610052,0
111,9.386583550167092,0
85,1.4826355738119046,-24.765621865911797,4
101,4.3303406589582485,0
102,3.895629935889123,0
112,6.884265725464145,0
123,9.382955656220012,0
86,11.973508962962724,-24.459741697063905,3
73,3.3367846764772993,0
115,8.6766734673093,0
124,9.381461211916664,0
87,14.04320966393979,-24.315082249152535,2
73,4.089854730591361,0
125,9.675012365538175,0
88,17.53474334165643,-24.065128984165064,3
73,6.7615081489722115,0
74,7.689215129450237,0
126,9.974997837558515,0
89,21.57709055194861,-24.642150456126785,1
74,4.0472864780268125,0
90,25.230247532390432,-25.24283522004897,1
74,2.4627627945491217,0
91,28.400503076134157,-25.05766133093931,1
74,4.728793280976715,0
92,31.971299108221668,-25.47494785668433,1
74,7.865928331437927,0
93,34.762685324351345,-25.35940232142435,3
75,6.80751210317811,0
106,4.008123195203757,0
116,6.5861615855140485,0
94,-38.272943738613826,-20.567034540019552,4
66,9.01386381174813,0
118,6.713536386746431,0
131,9.195338490594661,0
132,9.073392165741968,0
95,-34.87524800692223,-21.368063587380988,3
64,9.45484324841956,0
70,9.731231393938575,0
77,7.455032292164901,0
96,-31.17227515323866,-21.503612723019415,3
68,9.20218149981511,0
70,7.338975024654746,0
78,7.243661414101792,0
97,-15.162027509995204,-20.68156291139484,1
71,7.720046829973558,0
98,-11.64944927681103,-21.943894631864868,2
71,8.769517763346188,0
100,7.105690467558452,0
99,-8.857082497246308,-20.714713521246477,8
72,8.24617767642397,0
101,7.867315458691101,0
112,7.087572835283247,0
120,6.840269732754482,0
121,6.411373096480753,0
122,9.374645619026735,0
133,8.884879356763133,0
134,9.774536583161602,0
100,-4.623846029629456,-20.880063802295254,4
98,7.105690467558452,0
102,6.225729689518809,0
123,8.36692666167745,0
135,9.767128568031787,0
101,-1.006133370281892,-21.221912035022534,2
85,4.3303406589582485,0
99,7.867315458691101,0
102,1.601878198328854,-20.87181732614689,2
85,3.895629935889123,0
100,6.225729689518809,0
103,10.704613254562656,-21.776509312918332,2
73,6.135775402388423,0
136,9.90933875471646,0
104,15.32022602809633,-21.947479400894135,2
73,6.777143305366052,0
137,9.657724381948208,0
105,18.026479553049082,-21.53349528588819,3
73,8.763759646533478,0
74,8.758643417126196,0
138,9.37438488071202,0
106,35.4283147320217,-21.406936124279234,4
93,4.008123195203757,0
127,7.2151790598712875,0
128,7.6205299540095774,0
139,9.026335031499418,0
107,-41.572214051822115,-17.775574790733927,2
77,7.757272999198422,0
141,9.41816365315167,0
108,-37.78394240383093,-17.303613535521276,1
77,8.845700120495271,0
109,-35.16762622390288,-17.31983880421505,1
78,7.717394409669866,0
110,-7.6105335129536025,-17.24285567585621,3
84,8.704085153610052,0
142,9.230501802557185,0
143,8.620131154495848,0
111,-4.996192112140977,-18.365081357505844,1
84,9.386583550167092,0
112,-2.021903777367227,-18.84014142000386,2
85,6.884265725464145,0
99,7.087572835283247,0
113,11.53638181409651,-18.38232523770197,2
73,9.420134610716845,0
147,9.85838213480644,0
114,15.582303671663508,-18.947029005084186,1
73,9.585939639485053,0
115,18.48933107141427,-18.73010604465779,1
86,8.6766734673093,0
116,34.48224991218132,-18.779213843112963,1
93,6.5861615855140485,0
117,47.00748771835344,-17.51532231214983,0
118,-41.02395332649393,-14.443023022757354,3
94,6.713536386746431,0
140,7.128491034277145,0
149,8.71614421290212,0
119,-37.6042565725557,-15.632621644521148,1
78,8.971309259312694,0
120,-7.619946615417787,-13.987248558370085,3
99,6.840269732754482,0
144,8.101498880892896,0
151,9.50838013789058,0
121,-5.635604156024794,-15.171448934442246,2
99,6.411373096480753,0
145,9.205792650106956,0
122,-1.8871243716085664,-14.445450070952369,3
99,9.374645619026735,0
153,9.079365196510183,0
154,9.211769524695727,0
123,1.6855277793843375,-15.384860084504645,2
85,9.382955656220012,0
100,8.36692666167745,0
124,11.737533043414267,-15.08124875650623,3
86,9.381461211916664,0
146,6.760063645504066,0
155,9.626726953400892,0
125,13.932155452547168,-14.64070727009324,3
87,9.675012365538175,0
148,8.442365833910339,0
156,9.970594664783848,0
126,18.726382710896655,-14.161565106803854,2
88,9.974997837558515,0
157,9.973138216504616,0
127,34.0072373947133,-14.333086531066668,2
106,7.2151790598712875,0
129,6.621142892801642,0
128,38.046984370444044,-14.25046729497786,2
106,7.6205299540095774,0
130,6.937762047400643,0
129,40.57470510497302,-15.174455107609463,1
127,6.621142892801642,0
130,44.85329409765178,-15.594599030958399,1
128,6.937762047400643,0
131,-40.52597072499181,-11.651984380022457,2
94,9.195338490594661,0
150,7.7520445833444,0
132,-38.42268793919941,-11.494878122290705,2
94,9.073392165741968,0
159,9.939594103104518,0
133,-7.665582510689452,-11.910089226804908,3
99,8.884879356763133,0
152,8.244301027722477,0
161,9.93855296243699,0
134,-4.315855810851356,-12.059147358462045,1
99,9.774536583161602,0
135,-1.8322741371732063,-11.52036686095624,1
100,9.767128568031787,0
136,11.365508484633152,-11.88923405374831,1
103,9.90933875471646,0
137,15.615516920564952,-12.29427042529944,1
104,9.657724381948208,0
138,18.44068404019932,-12.168265628557478,1
105,9.37438488071202,0
139,35.44196369892344,-12.380611412272906,1
106,9.026335031499418,0
140,-41.34847335354739,-7.321922603734261,4
118,7.128491034277145,0
158,6.0338932367137295,0
171,9.72424608706265,0
172,9.422367424248035,0
141,-38.727839780955016,-8.797192887251738,1
107,9.41816365315167,0
142,-8.969915288401884,-8.113001092370746,2
110,9.230501802557185,0
160,6.307167945559852,0
143,-5.373640373721915,-8.918015124568267,2
110,8.620131154495848,0
162,9.82745214319406,0
144,-2.4432912031696237,-7.7553529510969135,1
120,8.101498880892896,0
145,1.2191316963411278,-9.026596233925131,1
121,9.205792650106956,0
146,11.331291943883326,-8.333402532686543,3
124,6.760063645504066,0
163,7.394077353726356,0
164,7.600927963198588,0
147,14.333879430282328,-8.929193195711576,2
113,9.85838213480644,0
165,8.78658277069368,0
148,18.252527769575817,-7.387575262758125,2
125,8.442365833910339,0
182,9.333197497531783,0
149,-41.30874836833867,-5.7315328101560805,1
118,8.71614421290212,0
150,-37.61046369869234,-4.469087053611776,4
131,7.7520445833444,0
173,7.438066742662281,0
189,9.677633266756116,0
190,9.258144056399546,0
151,-8.438287524286,-4.514149223753942,3
120,9.50838013789058,0
178,6.830037387199541,0
199,9.462984508033202,0
152,-5.087740247083129,-4.079174293052216,1
133,8.244301027722477,0
153,-1.3476911919899197,-5.382123738069561,1
122,9.079365196510183,0
154,1.1656104259344342,-5.754218395753332,2
122,9.211769524695727,0
179,7.915235190530321,0
155,11.46754715308064,-5.458308485759665,4
124,9.626726953400892,0
180,7.929706622439447,0
181,8.338334553561522,0
201,9.940083919006282,0
156,14.343369490196432,-4.678595998647998,2
125,9.970594664783848,0
202,9.471329694627423,0
157,17.65749008864585,-4.245872773557393,2
126,9.973138216504616,0
203,9.651719734087418,0
158,-41.24521767736706,-1.2889129188923554,4
140,6.0338932367137295,0
191,9.840612317713676,0
212,8.845248368606473,0
189,6.204550989130312,0
159,-38.20867190969977,-1.557588347226917,5
132,9.939594103104518,0
192,9.602476415526334,0
213,9.887460792053382,0
214,9.812518682705758,0
189,6.717404528452108,0
160,-8.718834234863818,-1.8108327513906435,2
142,6.307167945559852,0
178,4.227034420395075,0
161,-5.513469439051472,-2.207345062701126,1
133,9.93855296243699,0
162,1.2730621926715222,-1.6792196017849075,2
143,9.82745214319406,0
200,7.472185845797713,0
163,11.571064313737333,-0.9432138257898418,3
146,7.394077353726356,0
223,8.56980243151487,0
224,9.62660779397383,0
164,13.980246755600696,-1.2089976938797515,3
146,7.600927963198588,0
204,9.403425284997091,0
225,9.881088421339836,0
165,18.283343453521613,-1.0802588275702814,1
147,8.78658277069368,0
166,34.9406722698368,-1.832396775991775,10
167,2.1952208260509978,0
168,5.814437236744039,0
169,9.944112899133126,0
183,2.9854387798535424,0
184,4.82449005783995,0
185,6.792271215277361,0
186,9.231091755826561,0
207,7.30527334095032,0
208,8.133582119353912,0
209,8.59419410202878,0
167,37.08123873390283,-1.3456014514005306,3
166,2.1952208260509978,0
210,9.81031620444339,0
231,9.660449544393396,0
168,40.6790117768788,-0.894772073908556,6
166,5.814437236744039,0
170,6.712813386200887,0
187,7.424900461949972,0
232,9.023959507168575,0
233,9.32693889581344,0
231,9.633545099185117,0
169,44.85745562981053,-1.0956545265897168,1
166,9.944112899133126,0
170,47.360056271032974,-1.5470818355172886,1
168,6.712813386200887,0
171,-41.74198700996487,2.3943580099556394,4
140,9.72424608706265,0
237,9.97458432457566,0
238,9.430626875223371,0
189,2.8553886091205145,0
172,-37.50555788962743,1.281158740452565,4
140,9.422367424248035,0
174,6.104398451028316,0
215,9.358402069670548,0
189,4.50092463541947,0
173,-35.138175894170026,2.5460843541236677,5
150,7.438066742662281,0
193,7.40862760313902,0
216,9.330212313381049,0
239,8.951734829063863,0
240,9.329186349757224,0
174,-31.41448038526617,1.6842161616484463,3
172,6.104398451028316,0
194,7.758814837151334,0
217,9.67473366064343,0
175,-17.366908952493965,1.9688046319665466,16
176,2.5354869727874494,0
177,5.696910402658242,0
178,9.779240936387017,0
194,8.363426517128255,0
195,5.149466706137136,0
196,2.7242208710494302,0
197,3.2918350516883503,0
198,5.623612334756798,0
218,8.563915072218759,0
219,6.221819487760014,0
220,6.071150026638232,0
221,9.11547972812893,0
243,8.83660018663237,0
244,9.270503219156895,0
199,9.912667043592071,0
217,9.1540135428021,0
176,-14.928149176712498,1.2751585080638796,2
175,2.5354869727874494,0
222,9.973348554903206,0
177,-11.670037174497798,1.9478265246522968,1
175,5.696910402658242,0
178,-7.592102317907007,2.26326778474191,3
151,6.830037387199541,0
175,9.779240936387017,0
160,4.227034420395075,0
179,1.3254361357595736,2.1594030169684344,1
154,7.915235190530321,0
180,10.767002892150028,2.44039298071172,1
155,7.929706622439447,0
181,14.569057945810219,2.2817466774610704,3
155,8.338334553561522,0
226,9.725275226640816,0
245,9.482571077737088,0
182,17.827436003797025,1.9359365497833596,2
148,9.333197497531783,0
227,8.927920868609846,0
183,34.81503317077333,1.150397136607607,4
166,2.9854387798535424,0
229,8.229610963925413,0
230,7.594225891977572,0
231,7.728171343321087,0
184,38.665859624732214,1.2333304605907385,3
166,4.82449005783995,0
246,9.714806691652957,0
231,7.1129611513810085,0
185,40.807408530001354,1.5905192199911604,2
166,6.792271215277361,0
231,7.354637587160116,0
186,43.71087427774222,1.0479871819244049,3
166,9.231091755826561,0
234,8.94229213401151,0
231,9.365075445396327,0
187,47.67532818875331,1.5913300025960027,1
168,7.424900461949972,0
188,-47.70248415444673,5.482250935053043,7
189,7.466167210053849,0
211,4.082965972289903,0
212,6.265163363043896,0
235,5.387132417627755,0
236,7.046327391421476,0
237,9.788387975176425,0
249,8.750790189377117,0
189,-40.264200268278266,4.837591616304092,7
150,9.677633266756116,0
188,7.466167210053849,0
158,6.204550989130312,0
159,6.717404528452108,0
171,2.8553886091205145,0
172,4.50092463541947,0
251,9.88087276375149,0
190,-37.17218772430227,4.778677299966806,1
150,9.258144056399546,0
191,-34.007457811584395,5.378356605643446,3
158,9.840612317713676,0
194,9.19822119242954,0
241,7.993040609141009,0
192,-31.735226145983535,5.5348056953347236,2
159,9.602476415526334,0
242,8.518905808067146,0
193,-28.49175427103301,5.81913225623114,5
173,7.40862760313902,0
195,7.646158337638963,0
196,9.745217048768833,0
218,7.057011223942585,0
252,9.218007666921752,0
194,-24.817502458347928,5.768220313085265,4
174,7.758814837151334,0
175,8.363426517128255,0
191,9.19822119242954,0
253,9.704576417218119,0
195,-20.845784459488787,5.765439005256443,2
175,5.149466706137136,0
193,7.646158337638963,0
196,-18.87583045712221,4.2369614270606935,2
175,2.7242208710494302,0
193,9.745217048768833,0
197,-15.457668468989636,4.650404673671536,1
175,3.2918350516883503,0
198,-12.281681395496344,4.369945274490598,1
175,5.623612334756798,0
199,-7.90811672641808,4.933972003472371,2
151,9.462984508033202,0
175,9.912667043592071,0
200,1.6360123606281087,5.784146159700991,1
162,7.472185845797713,0
201,12.069196853417333,4.463550511170903,1
155,9.940083919006282,0
202,15.524420891817732,4.718808098817407,2
156,9.471329694627423,0
205,8.970601010101428,0
203,17.464623515758216,5.403919779157669,1
157,9.651719734087418,0
204,21.06699471979082,4.971812154559996,3
164,9.403425284997091,0
206,7.093513909235023,0
228,8.308206869027494,0
205,24.4897928490071,5.025056611752981,3
202,8.970601010101428,0
207,9.461952113442413,0
229,8.253576111076761,0
206,28.15870114744086,5.131935621103397,3
204,7.093513909235023,0
208,9.906229269067147,0
230,7.952196630294555,0
207,33.944130218297225,5.4045861952133345,2
166,7.30527334095032,0
205,9.461952113442413,0
208,38.049558600701616,5.683585120875433,3
166,8.133582119353912,0
206,9.906229269067147,0
247,8.2276547992856,0
209,40.53408075324227,4.692475161534202,2
166,8.59419410202878,0
231,4.534926262650682,0
210,44.98187804154723,4.470084454979621,2
167,9.81031620444339,0
248,8.191423793212818,0
211,-44.7292754195733,8.280579177012797,2
188,4.082965972289903,0
250,6.868757416686637,0
212,-41.78483952990214,7.539859756774523,2
158,8.845248368606473,0
188,6.265163363043896,0
213,-37.98362546788049,8.327310995377305,1
159,9.887460792053382,0
214,-35.31285642739198,7.817899671584479,1
159,9.812518682705758,0
215,-31.750728697727634,8.660971086960565,1
172,9.358402069670548,0
216,-27.417484164371313,7.784765583802097,3
173,9.330212313381049,0
219,8.913958677123272,0
243,9.622813769674453,0
217,-24.168714137309053,8.095093081723613,2
174,9.67473366064343,0
175,9.1540135428021,0
218,-22.208815728009704,9.032555770093543,2
175,8.563915072218759,0
193,7.057011223942585,0
219,-18.508582452756727,8.084981489862994,2
175,6.221819487760014,0
216,8.913958677123272,0
220,-15.118533241842846,7.608278837041297,1
175,6.071150026638232,0
221,-11.20300226379864,8.684325833406275,1
175,9.11547972812893,0
222,-7.988389128283333,8.438077736131184,1
176,9.973348554903206,0
223,11.348949805584814,7.623709709556223,1
163,8.56980243151487,0
224,15.433331629121188,7.874635617442636,1
163,9.62660779397383,0
225,17.68148132550287,7.952703624592558,1
164,9.881088421339836,0
226,22.180142831112292,8.335866357698643,1
181,9.725275226640816,0
227,24.62760432098738,7.7208723224639595,1
182,8.927920868609846,0
228,28.625984729298136,8.419705919559757,2
204,8.308206869027494,0
231,9.148024544220998,0
229,31.821185857537504,8.816124426473323,2
183,8.229610963925413,0
205,8.253576111076761,0
230,35.24922460357369,8.732200662027223,2
183,7.594225891977572,0
206,7.952196630294555,0
231,37.77309030197475,8.290042108192518,8
167,9.660449544393396,0
228,9.148024544220998,0
168,9.633545099185117,0
183,7.728171343321087,0
184,7.1129611513810085,0
185,7.354637587160116,0
186,9.365075445396327,0
209,4.534926262650682,0
232,41.41524281980527,8.099104122618142,1
168,9.023959507168575,0
233,44.766305787732676,7.488891614186027,2
168,9.32693889581344,0
254,7.969647115129071,0
234,47.87329612344822,8.962457030776795,2
186,8.94229213401151,0
259,9.197418316507012,0
235,-47.801790577537446,10.868467967385548,3
188,5.387132417627755,0
255,7.7582277448821015,0
256,8.831548078703209,0
236,-45.105370120863896,12.032497373444784,3
188,7.046327391421476,0
261,9.558197203297691,0
262,9.859133164779683,0
237,-40.692051261757506,12.31352971795156,2
171,9.97458432457566,0
188,9.788387975176425,0
238,-37.36396500395613,10.747180681040458,1
171,9.430626875223371,0
239,-34.96948825276224,11.49622965626884,1
173,8.951734829063863,0
240,-30.6585852898594,10.729420224431598,2
173,9.329186349757224,0
257,7.723161610140814,0
241,-28.665430962541926,11.324064916979166,3
191,7.993040609141009,0
258,8.657471449402875,0
263,9.638783998229478,0
242,-25.45483467896991,11.290536681732767,2
192,8.518905808067146,0
264,9.494088571475691,0
243,-18.266023137325877,10.759543880802523,2
175,8.83660018663237,0
216,9.622813769674453,0
244,-14.534887520921055,10.796141973855667,1
175,9.270503219156895,0
245,18.835517630209118,10.750304760495911,1
181,9.482571077737088,0
246,41.164405307724024,10.621340820948681,1
184,9.714806691652957,0
247,43.953650545544996,11.413855777924965,2
208,8.2276547992856,0
282,9.183965127211525,0
248,47.93640311308954,12.110124072785343,3
210,8.191423793212818,0
283,9.018746778636304,0
282,9.084414848407064,0
249,-47.23669103922186,14.22063555192062,2
188,8.750790189377117,0
260,7.856969336175082,0
250,-44.81042524233906,15.148857211247634,1
211,6.868757416686637,0
251,-41.99172657081796,14.566275979951602,1
189,9.88087276375149,0
252,-28.315866663596786,15.035461726089437,2
193,9.218007666921752,0
265,9.245281548340483,0
253,-24.14017013268203,15.449130619365047,1
194,9.704576417218119,0
254,43.5620219533655,15.367024361605749,3
233,7.969647115129071,0
291,9.236866583478644,0
282,5.314669184673864,0
255,-47.58618876584307,18.62369933725792,4
235,7.7582277448821015,0
284,6.849241825525702,0
285,7.3059805785182705,0
293,8.545325434665608,0
256,-43.844720395611034,18.763899370529725,2
235,8.831548078703209,0
294,9.797303563283311,0
257,-27.57284070793452,17.80935000031738,2
240,7.723161610140814,0
266,9.775160819709495,0
258,-23.861071601850153,18.526143993923494,1
241,8.657471449402875,0
259,45.06241416122065,17.719822289988173,6
234,9.197418316507012,0
289,9.71625335424855,0
290,8.399508442132253,0
292,7.343395151785846,0
302,9.97995605803806,0
282,2.884963811307433,0
260,-47.34168835670999,22.076903286215053,3
249,7.856969336175082,0
303,8.34943518475811,0
305,9.988489279352969,0
261,-45.10394399365173,21.590694470350087,1
236,9.558197203297691,0
262,-41.635787723879154,21.260959041100573,1
236,9.859133164779683,0
263,-27.248602645056764,20.858148747284876,1
241,9.638783998229478,0
264,-24.236286440691526,20.70610134849673,2
242,9.494088571475691,0
267,9.56420963254603,0
265,-21.02651994917852,20.722346232133553,2
252,9.245281548340483,0
268,9.329637304397547,0
266,-18.537565545814324,21.539976193861495,1
257,9.775160819709495,0
267,-14.674420496810141,20.494380856981106,3
264,9.56420963254603,0
269,6.42086392821219,0
270,9.671646599205253,0
268,-11.696955634489658,20.68544190053899,2
265,9.329637304397547,0
271,9.44296199866387,0
269,-8.366274261727419,21.692205828096736,2
267,6.42086392821219,0
287,8.430017590962452,0
270,-5.003154340396267,20.58016472330881,5
267,9.671646599205253,0
286,4.627447386170075,0
295,7.295974366216338,0
296,7.7354948654405264,0
297,9.802742321692586,0
271,-2.2577371093121235,20.951308299610442,1
268,9.44296199866387,0
272,12.101822549405217,20.7921184442813,6
273,3.4539559201032692,0
274,5.40870868051088,0
275,8.841574479359066,0
288,4.140848879472777,0
298,6.420204484364619,0
309,9.780448417967206,0
273,15.41238487869595,21.77699841762706,2
272,3.4539559201032692,0
276,9.08401864562704,0
274,17.510422734288998,20.82637673829715,1
272,5.40870868051088,0
275,20.886240116186848,21.795835180453327,2
272,8.841574479359066,0
277,6.6783441868677915,0
276,24.49315672114064,22.01985125282439,3
273,9.08401864562704,0
278,7.07012967418343,0
279,9.979317097029465,0
277,27.564454949130788,21.83740107173883,2
275,6.6783441868677915,0
280,9.659959895975856,0
278,31.55944568298772,21.786840700601587,3
276,7.07012967418343,0
281,8.77437920522947,0
289,6.920769228324072,0
279,34.46159273940048,21.553961702689932,4
276,9.979317097029465,0
290,7.933117831740044,0
299,6.989868837331611,0
300,9.85940764631835,0
280,37.22386317338078,21.94063841553227,7
277,9.659959895975856,0
282,7.534416565378317,0
283,9.73646694285793,0
291,8.22452879731686,0
301,9.460473526142975,0
310,9.51068075828402,0
311,9.791235780800887,0
281,40.28238545364476,20.8381298939523,1
278,8.77437920522947,0
282,44.63305061264855,20.572656518560013,5
247,9.183965127211525,0
280,7.534416565378317,0
248,9.084414848407064,0
254,5.314669184673864,0
259,2.884963811307433,0
283,46.92146734299561,21.071580362906193,2
248,9.018746778636304,0
280,9.73646694285793,0
284,-47.96100853932478,25.462677603193395,4
255,6.849241825525702,0
304,7.701683220823872,0
313,8.268015352839372,0
314,9.273555280765148,0
285,-44.61688606565113,25.299071513273205,1
255,7.3059805785182705,0
286,-4.166476007083202,25.13134464486066,6
270,4.627447386170075,0
306,6.627330777285612,0
307,7.665720706784971,0
308,8.101469129496504,0
323,8.619496235823421,0
324,9.544867466300099,0
287,-0.7763097460506926,25.360670797904206,3
269,8.430017590962452,0
325,8.634562890358218,0
323,9.137625791229038,0
288,10.868978518103988,24.745183715322987,1
272,4.140848879472777,0
289,37.979618322135856,24.371106552879763,3
259,9.71625335424855,0
278,6.920769228324072,0
312,9.165652205213476,0
290,41.45241651291518,25.30399390254283,4
259,8.399508442132253,0
279,7.933117831740044,0
328,9.907399978650503,0
330,8.839490472885942,0
291,45.04524703486515,24.48402757749828,2
254,9.236866583478644,0
280,8.22452879731686,0
292,47.084536434059125,24.77931758844701,2
259,7.343395151785846,0
331,9.470775669397472,0
293,-46.814684917771146,27.134126388631618,1
255,8.545325434665608,0
294,-45.06375723324118,28.48506731988769,1
256,9.797303563283311,0
295,-4.779412534094564,27.87270759644975,2
270,7.295974366216338,0
323,5.8868958293158835,0
296,-2.1759853622957004,27.780511685957382,3
270,7.7354948654405264,0
336,9.984082040843921,0
323,6.369253799098122,0
297,1.6984182748027483,27.734371982587614,2
270,9.802742321692586,0
323,8.566860137029874,0
298,11.808972190524317,27.205640432109742,2
272,6.420204484364619,0
326,7.895395945328742,0
299,37.795035706766164,27.697773576959833,4
279,6.989868837331611,0
329,8.699899239684573,0
340,9.693665094620075,0
341,9.974526176930365,0
300,41.64612417885838,28.306030062216646,1
279,9.85940764631835,0
301,44.57521959298174,27.89531037382215,2
280,9.460473526142975,0
343,9.979433676194594,0
302,47.1881195969116,27.470765799261752,1
259,9.97995605803806,0
303,-47.39916007397171,30.426140670922216,1
260,8.34943518475811,0
304,-44.09479853472924,32.12363433884972,1
284,7.701683220823872,0
305,-41.93440068205298,30.475186330221824,1
260,9.988489279352969,0
306,-4.324621930963957,31.75678826006991,4
286,6.627330777285612,0
337,6.692284927970905,0
349,9.82265020882692,0
336,5.541078086180967,0
307,-1.0455011088566568,32.132972286993,4
286,7.665720706784971,0
322,7.29131110904885,0
350,9.687778200359878,0
336,6.8148724511127625,0
308,1.6089553324959098,30.812734870676195,2
286,8.101469129496504,0
336,9.645095865318062,0
309,11.029900519939137,30.513648900915303,2
272,9.780448417967206,0
338,7.359196673159544,0
310,37.84863027849139,31.43077616744955,4
280,9.51068075828402,0
342,9.36582999740423,0
354,9.59094044537809,0
355,9.713532766182432,0
311,40.506367292789065,31.16525032180254,1
280,9.791235780800887,0
312,43.51542376359398,31.676175920192936,2
289,9.165652205213476,0
356,9.380149315264951,0
313,-47.98436076638229,33.73065997788911,1
284,8.268015352839372,0
314,-44.062025491834376,33.8767585833593,1
284,9.273555280765148,0
315,-30.66522593382778,34.70404681342241,8
316,3.143808230043544,0
317,5.317240932221506,0
318,9.029992620818966,0
332,4.935973311125455,0
333,7.535870577374541,0
344,6.551822934841708,0
345,8.53035501872117,0
360,9.859327798072005,0
316,-27.644986184655362,33.831302839047076,3
315,3.143808230043544,0
319,9.548159957786048,0
334,7.589960897041874,0
317,-25.38718274948767,34.059600325703876,3
315,5.317240932221506,0
335,7.963044453826756,0
346,8.783234496091131,0
318,-21.655458916850925,35.308087401331,6
315,9.029992620818966,0
320,6.746186884495014,0
347,6.89384398445306,0
348,8.042654780227004,0
361,9.442219505269296,0
362,8.691522613348708,0
319,-18.196197726196104,35.20525889611584,4
316,9.548159957786048,0
321,6.841574316637833,0
363,9.675912220018564,0
364,9.438298740458665,0
320,-15.08786944399836,33.76607378381373,3
318,6.746186884495014,0
322,7.634356394055197,0
336,9.99131886815216,0
321,-11.421575187733715,34.25046646242365,2
319,6.841574316637833,0
323,7.036153335099163,0
322,-7.6103612287414375,35.305641399157956,5
307,7.29131110904885,0
320,7.634356394055197,0
324,6.95954093191207,0
325,9.279370626038567,0
337,6.084865767906013,0
323,-4.403415695929855,33.747583670283724,6
286,8.619496235823421,0
321,7.036153335099163,0
287,9.137625791229038,0
295,5.8868958293158835,0
296,6.369253799098122,0
297,8.566860137029874,0
324,-0.7651035057756751,34.04959335503818,2
286,9.544867466300099,0
322,6.95954093191207,0
325,1.5259720794239238,33.6826401984512,2
287,8.634562890358218,0
322,9.279370626038567,0
326,10.855259754525658,35.04322358783671,7
298,7.895395945328742,0
327,4.469261310556472,0
339,5.365251989401943,0
351,5.81684066391344,0
352,7.3348613910272435,0
367,8.563592544506886,0
368,9.497083925866972,0
327,15.320654499160597,35.22909030520058,1
326,4.469261310556472,0
328,38.38673519469592,34.72514947880233,4
290,9.907399978650503,0
371,9.913288324315731,0
372,8.977985012875706,0
373,9.704092731774441,0
329,41.95395297896178,35.339216758957406,4
299,8.699899239684573,0
357,8.02179095235371,0
374,8.943994587788616,0
372,9.500646285858796,0
330,44.033508596207255,33.75825646516817,1
290,8.839490472885942,0
331,47.99851445793152,34.205888330340876,2
292,9.470775669397472,0
375,9.711580406327059,0
332,-27.480709062690313,38.47534431237202,3
315,4.935973311125455,0
359,7.4191457327085075,0
379,9.105737498576476,0
333,-23.86555027138337,37.952701341761866,2
315,7.535870577374541,0
380,9.697088409714576,0
334,-20.794918400962555,37.099953596995775,1
316,7.589960897041874,0
335,-18.624647420926706,38.26414464151099,1
317,7.963044453826756,0
336,-5.679730992494857,37.12961114832072,5
296,9.984082040843921,0
320,9.99131886815216,0
306,5.541078086180967,0
307,6.8148724511127625,0
308,9.645095865318062,0
337,-2.2079240721188342,38.10551000003513,6
306,6.692284927970905,0
322,6.084865767906013,0
365,7.20123260257981,0
366,7.492417101628174,0
381,8.928501259593148,0
382,9.723571104645238,0
338,11.433528342665122,37.86176840558886,2
309,7.359196673159544,0
385,9.87928817424109,0
339,15.033419354979266,38.409068394555945,1
326,5.365251989401943,0
340,38.5640488217621,37.36088703979467,2
299,9.693665094620075,0
372,6.39958873568745,0
341,41.47748339054508,36.96765769222796,2
299,9.974526176930365,0
372,7.8549582778372695,0
342,43.774317498289065,38.68370678295963,3
310,9.36582999740423,0
390,9.286511341779834,0
372,8.126930805629593,0
343,47.913486755222955,37.299834224133164,2
301,9.979433676194594,0
373,9.798937451854767,0
344,-27.907428736997026,40.647188944540446,2
315,6.551822934841708,0
379,6.92810635126977,0
345,-25.06963899229074,41.14270843872325,2
315,8.53035501872117,0
379,6.995515787637663,0
346,-21.448844000246183,41.91037710953541,2
317,8.783234496091131,0
379,8.525285724350857,0
347,-18.678089715397558,41.52583277406995,1
318,6.89384398445306,0
348,-15.522724667190147,40.511342780124735,1
318,8.042654780227004,0
349,-1.7811677265134667,41.24442747300537,1
306,9.82265020882692,0
350,1.225528022101708,41.550799698116364,1
307,9.687778200359878,0
351,10.94607633873185,40.85935526253167,2
326,5.81684066391344,0
385,6.859343821008049,0
352,15.426604792370398,40.77933692097042,2
326,7.3348613910272435,0
385,8.385687379640627,0
353,24.723224648702104,41.83620169053907,1
386,5.655436903869099,0
354,37.65892572156409,41.01984029320605,3
310,9.59094044537809,0
389,7.858457130297104,0
372,2.6414174429881747,0
355,41.67433500156759,40.35919720207444,2
310,9.713532766182432,0
372,5.4410512007233125,0
356,44.38460158685252,41.0159688027049,2
312,9.380149315264951,0
372,7.522916468595379,0
357,47.35680630568792,41.26866074749024,1
329,8.02179095235371,0
358,-34.645953891825094,44.12106395151455,4
359,3.9956048291691015,0
360,6.419587626420511,0
378,3.876095817655452,0
361,9.455532001754715,0
359,-30.777669298483715,45.1216798897232,2
332,7.4191457327085075,0
358,3.9956048291691015,0
360,-28.227812819241066,44.25733744747495,2
315,9.859327798072005,0
358,6.419587626420511,0
361,-25.190596744003265,44.063560531249486,3
318,9.442219505269296,0
358,9.455532001754715,0
379,4.386770281002914,0
362,-20.686026747675925,43.945376710351546,2
318,8.691522613348708,0
379,8.0043822708055,0
363,-18.71035678699336,44.86750075552428,2
319,9.675912220018564,0
379,9.503693224037256,0
364,-15.583289164270928,44.274668577079744,1
319,9.438298740458665,0
365,-2.3539781623571843,45.305261329017476,2
337,7.20123260257981,0
383,7.764766188403252,0
366,1.5011575633657843,44.615427622100796,1
337,7.492417101628174,0
367,11.792769014193182,43.555343985033375,2
326,8.563592544506886,0
385,4.297308107122159,0
368,14.988709996835253,43.59361493498051,3
326,9.497083925866972,0
384,8.035052586439662,0
385,5.938611023330776,0
369,27.074598838323514,44.968517071099306,5
370,4.942542736710816,0
386,3.6690533436453037,0
387,3.2076411604146444,0
388,4.212330531060402,0
389,7.21534297620672,0
370,32.01687915225962,45.01944842384467,3
369,4.942542736710816,0
372,5.493439858107966,0
373,8.895324457614661,0
371,35.25086386706857,44.12938237774625,4
328,9.913288324315731,0
387,7.988128776786663,0
388,5.337797686561736,0
389,3.993294471594058,0
372,37.33463433298657,43.64127524441439,10
328,8.977985012875706,0
370,5.493439858107966,0
329,9.500646285858796,0
340,6.39958873568745,0
341,7.8549582778372695,0
342,8.126930805629593,0
354,2.6414174429881747,0
355,5.4410512007233125,0
356,7.522916468595379,0
375,9.849400559287112,0
373,40.86532010558571,44.107368437363625,3
328,9.704092731774441,0
370,8.895324457614661,0
343,9.798937451854767,0
374,44.887618141304884,43.7883970684103,1
329,8.943994587788616,0
375,47.181068123516766,43.883004402751475,2
331,9.711580406327059,0
372,9.849400559287112,0
376,-44.736154835198846,47.98290536629378,2
377,3.2830240219212157,0
378,7.721046136636669,0
377,-41.49019167848978,47.49100099164453,1
376,3.2830240219212157,0
378,-37.05974953929668,47.15383650478875,3
358,3.876095817655452,0
376,7.721046136636669,0
379,9.249035586043732,0
379,-27.82029645347609,47.57474735856143,9
332,9.105737498576476,0
378,9.249035586043732,0
344,6.92810635126977,0
345,6.995515787637663,0
346,8.525285724350857,0
361,4.386770281002914,0
362,8.0043822708055,0
363,9.503693224037256,0
380,5.614344109443921,0
380,-22.206363636733933,47.50679069330246,2
333,9.697088409714576,0
379,5.614344109443921,0
381,-1.6576743266150604,47.01703960836441,2
337,8.928501259593148,0
384,9.927770046640855,0
382,1.4641051166515915,47.109066889615484,2
337,9.723571104645238,0
385,9.268493592599116,0
383,5.111664004854122,47.439688884997494,1
365,7.764766188403252,0
384,8.227552707496784,47.9351379598735,2
368,8.035052586439662,0
381,9.927770046640855,0
385,10.712788517167493,47.71473085013525,6
338,9.87928817424109,0
382,9.268493592599116,0
351,6.859343821008049,0
352,8.385687379640627,0
367,4.297308107122159,0
368,5.938611023330776,0
386,24.402194766875954,47.4825196401961,2
353,5.655436903869099,0
369,3.6690533436453037,0
387,28.23955165758049,47.95713660909531,2
369,3.2076411604146444,0
371,7.988128776786663,0
388,30.758200100859035,47.011752310015844,2
369,4.212330531060402,0
371,5.337797686561736,0
389,33.706111600928246,47.81179207427895,3
354,7.858457130297104,0
369,7.21534297620672,0
371,3.993294471594058,0
390,44.16490868700623,47.96200034504862,1
342,9.286511341779834,0
